10
4 438
0 439
0 420
8 430
8 543
9 388
5 589
2 462
2 470
4 622
20 20
7 5 7 5 7 6 8 6 8 6 8 6 9 4 9 4 10 4 11 4 11 4 12 4 12 4 13 3 14 3 14 3 15 2 16 2 17 2 18 2
7 5 7 5 7 6 8 6 8 6 8 6 9 4 9 4 10 4 11 4 11 4 12 4 12 4 13 3 14 3 14 3 15 2 16 2 17 2 18 2
7 5 7 5 7 5 8 6 8 6 8 6 9 4 9 4 10 4 11 4 11 4 12 4 12 4 13 3 14 3 14 2 15 2 16 2 17 2 18 2
7 5 7 5 7 5 7 6 8 6 8 6 9 4 9 4 10 4 10 4 11 4 11 4 12 4 13 3 13 2 14 2 15 2 16 2 17 2 18 2
7 5 7 5 7 5 7 6 7 6 8 6 8 6 9 4 9 4 10 4 10 4 11 3 11 3 12 3 13 3 13 2 14 2 15 2 16 2 17 2
6 5 6 5 7 5 7 6 7 6 7 6 8 6 8 6 9 6 9 6 10 3 10 3 11 3 11 3 12 3 13 3 13 2 14 2 15 2 16 2
6 5 6 5 6 5 6 6 6 6 7 6 7 6 7 6 8 6 8 6 9 3 9 3 10 3 10 3 11 3 12 3 12 3 13 2 14 2 15 2
5 5 5 5 6 5 6 5 6 6 6 6 6 9 7 9 7 9 8 9 8 9 8 3 9 3 9 3 10 3 11 3 11 3 12 2 13 2 14 3
5 5 5 5 5 5 5 5 5 6 5 6 6 9 6 9 6 9 7 9 7 9 8 3 8 3 8 3 9 3 10 3 10 3 11 3 12 3 12 3
4 5 4 5 4 5 4 5 5 6 5 6 5 9 5 9 6 9 6 9 6 9 7 3 7 3 8 3 8 3 9 3 9 3 10 3 11 3 11 3
4 5 4 5 4 5 4 5 4 6 4 6 4 9 5 9 5 9 5 9 6 9 6 9 6 9 7 9 7 9 8 9 8 9 9 9 10 9 10 3
3 5 3 5 3 5 3 5 4 6 4 6 4 9 4 9 4 9 5 9 5 9 5 9 6 8 6 9 6 9 7 9 7 9 8 9 9 3 9 3
3 5 3 5 3 5 3 5 3 6 3 6 3 9 3 7 4 7 4 9 4 9 5 8 5 8 5 1 6 1 6 9 7 9 7 9 8 3 8 3
2 5 2 0 2 0 2 0 3 7 3 7 3 7 3 7 3 7 3 7 4 8 4 8 4 8 5 1 5 1 5 1 6 1 6 9 7 9 8 3
2 0 2 0 2 0 2 0 2 0 2 7 2 7 2 7 3 7 3 7 3 8 3 8 4 8 4 1 4 1 5 1 5 1 6 1 6 9 7 9
1 0 1 0 2 0 2 0 2 0 2 7 2 7 2 7 2 7 3 7 3 8 3 8 3 8 4 1 4 1 4 1 5 1 5 1 6 1 6 9
1 0 1 0 1 0 1 0 1 0 1 7 2 7 2 7 2 7 2 8 2 8 3 8 3 8 3 1 4 1 4 1 4 1 5 1 5 1 6 1
1 0 1 0 1 0 1 0 1 0 1 0 1 7 1 7 2 7 2 8 2 8 3 8 3 8 3 1 3 1 4 1 4 1 4 1 5 1 5 1
0 0 0 0 0 0 0 0 0 0 1 0 1 0 1 7 2 7 2 7 2 8 2 8 3 8 3 1 3 1 3 1 4 1 4 1 5 1 5 1
0 0 0 0 0 0 0 0 0 0 0 0 1 0 1 7 2 7 2 7 2 8 2 8 3 1 3 1 3 1 3 1 4 1 4 1 4 1 5 1
